Значения функции y = 2*x^2 + x - 1
  0.00  -1.00000000
  0.10  -0.88000000
  0.20  -0.72000000
  0.30  -0.52000000
  0.40  -0.28000000
  0.50   0.00000000
  0.60   0.32000000
  0.70   0.68000000
  0.80   1.08000000
  0.90   1.52000000
  1.00   2.00000000
  1.10   2.52000000
  1.20   3.08000000
  1.30   3.68000000
  1.40   4.32000000
  1.50   5.00000000
  1.60   5.72000000
  1.70   6.48000000
  1.80   7.28000000
  1.90   8.12000000
  2.00   9.00000000
  2.10   9.92000000
  2.20  10.88000000
  2.30  11.88000000
  2.40  12.92000000
  2.50  14.00000000
  2.60  15.12000000
  2.70  16.28000000
  2.80  17.48000000
  2.90  18.72000000
  3.00  20.00000000
  3.10  21.32000000
  3.20  22.68000000
  3.30  24.08000000
  3.40  25.52000000
  3.50  27.00000000
  3.60  28.52000000
  3.70  30.08000000
  3.80  31.68000000
  3.90  33.32000000
  4.00  35.00000000
  4.10  36.72000000
  4.20  38.48000000
  4.30  40.28000000
  4.40  42.12000000
  4.50  44.00000000
  4.60  45.92000000
  4.70  47.88000000
  4.80  49.88000000
  4.90  51.92000000
  5.00  54.00000000
